size:8,8;
redTexture:
0,0,0,0,30,30,0,0,
0,237,136,34,0,0,34,0,
237,196,255,136,0,0,0,30,
136,255,255,237,0,0,0,34,
0,237,136,0,0,0,30,34,
0,0,0,0,0,30,34,0,
0,0,0,0,34,34,0,0,
0,0,0,12,12,12,12,0,
greenTexture:
0,0,0,0,230,230,0,0,
0,28,0,177,0,0,177,0,
28,4,127,0,0,0,0,230,
0,242,201,28,0,0,0,177,
0,28,0,0,0,0,230,177,
0,0,0,0,0,230,177,0,
0,0,0,0,177,177,0,0,
0,0,0,102,102,102,102,0,
blueTexture:
0,0,0,0,86,86,0,0,
0,36,21,76,0,0,76,0,
36,36,39,21,0,0,0,86,
21,0,14,36,0,0,0,76,
0,36,21,0,0,0,86,76,
0,0,0,0,0,86,76,0,
0,0,0,0,76,76,0,0,
0,0,0,36,36,36,36,0,
alphaTexture:
0,0,0,0,255,255,0,0,
0,255,255,255,0,0,255,0,
255,255,255,255,0,0,0,255,
255,255,255,255,0,0,0,255,
0,255,255,0,0,0,255,255,
0,0,0,0,0,255,255,0,
0,0,0,0,255,255,0,0,
0,0,0,255,255,255,255,0,
origin:4,4;