size:8,10;
redTexture:
0,0,0,0,0,0,0,0,
0,0,0,0,0,0,0,0,
0,0,0,0,0,0,0,0,
0,0,0,0,0,0,0,0,
0,0,0,0,0,0,0,0,
0,0,0,0,0,0,0,0,
0,0,0,0,0,0,0,0,
0,0,0,0,0,0,0,0,
0,0,0,0,0,0,0,0,
0,0,0,0,0,0,0,0,
greenTexture:
128,128,128,128,128,128,128,128,
128,128,128,128,128,128,128,128,
128,128,128,128,128,128,128,128,
128,128,128,128,128,128,128,128,
128,128,128,128,128,128,128,128,
128,128,128,128,128,128,128,128,
128,128,128,128,128,128,128,128,
128,128,128,128,128,128,128,128,
128,128,128,128,128,128,128,128,
128,128,128,128,128,128,128,128,
blueTexture:
128,128,128,128,128,128,128,128,
128,128,128,128,128,128,128,128,
128,128,128,128,128,128,128,128,
128,128,128,128,128,128,128,128,
128,128,128,128,128,128,128,128,
128,128,128,128,128,128,128,128,
128,128,128,128,128,128,128,128,
128,128,128,128,128,128,128,128,
128,128,128,128,128,128,128,128,
128,128,128,128,128,128,128,128,
alphaTexture:
255,255,255,255,255,255,255,255,
255,0,0,255,255,0,0,255,
255,0,0,255,255,0,0,255,
255,255,255,255,255,255,255,255,
255,0,0,255,255,0,0,255,
255,0,0,255,255,0,0,255,
255,255,255,255,255,255,255,255,
255,0,0,255,255,0,0,255,
255,0,0,255,255,0,0,255,
255,255,255,255,255,255,255,255,
origin:4,5;